1,100d0
< 12240 4168 11565 6166 17907 3915 19351 5540 13560 5739 11188 2823 4472 1044 839 17696 1044 13298 15271 9073 5540 15271 18582 2506 5276 10699 7323 9132 1447 8163 7110 10558 12051 
< 4477 21575 32157 40190 2624 5835 13731 19556 17140 36694 14770 1479 18105 7473 30488 15558 37267 28074 19174 35695 41384 16190 14906 35812 16643 7889 17430 13611 856 34058 18801 26216 30986 173 25242 38159 11970 27673 36344 13843 
< 18834 32236 7122 19306 11002 25979 43157 42159 38757 15669 39187 12525 34379 44815 36149 24071 9847 3596 37017 44815 24881 8508 19551 38058 6411 19306 971 37741 25312 11968 26580 3288 10454 23908 5488 14618 35402 36019 43358 21547 24342 24702 13333 16594 40055 12739 31793 32963 40783 29525 10815 29160 39631 
< 7612 23010 15824 9793 2661 12640 39885 11916 18657 31841 38880 34322 23173 25337 27182 26647 29799 1756 13228 13897 40226 16145 7612 37947 16543 5641 42651 31345 9432 33508 30760 23547 37361 43429 29578 10411 3948 14412 3599 27393 7124 27182 1654 26617 9573 24356 3307 42305 37433 25946 4428 2384 31702 39885 24735 36936 
< 3586 3862 1978 1629 3328 3963 1163 1768 3654 414 2484 2265 2265 1629 270 677 3982 -39 -39 2113 2113 1896 3764 3764 2881 3654 3417 2265 -39 1328 1433 1163 2614 1896 414 2347 747 2416 4183 3328 3982 3862 1629 504 648 648 228 61 2416 3654 1896 61 677 904 1896 
< 57 10979 13268 8458 2590 2232 4604 12703 10498 12650 13952 5361 14782 9104 7759 342 10415 12133 5217 9319 14216 12350 2425 4753 9040 7040 4529 3738 2783 6171 8617 4302 8010 8779 15616 2232 4604 8458 4102 6753 4604 1924 8858 1249 3094 3855 2184 15084 4976 12922 1924 13182 4862 12628 13182 713 11781 5910 10655 4976 9040 12650 13064 
< 19000 2500 1047 8575 12097 14363 2472 10880 3898 1047 9944 3808 6658 19000 6095 15237 18138 554 1287 6928 5429 19768 2873 8210 19178 10165 9604 14307 9604 3742 846 8210 2204 12522 3541 19178 3984 18846 17095 3898 4994 
< 32893 29315 1222 11151 29563 3659 21136 2597 24398 32310 11359 4627 26504 14340 25882 12780 27518 25001 3431 16042 12900 34491 18669 12780 13275 5331 34130 29378 26026 4993 2944 22485 4249 28469 28865 22782 16507 23173 20120 33028 6382 13141 9124 30296 16114 15209 14721 3046 16843 29472 24898 7706 30539 9690 4073 33835 21942 31245 34155 30666 29774 20008 16843 20168 18669 6807 24898 32588 17174 12780 9200 16707 12780 16707 11301 
< 4699 29393 14641 2549 27534 16927 13587 13309 11336 35457 34078 21170 17219 28394 20092 24970 4027 22348 3507 8014 30307 6175 28722 
< 778 
< 10309 15855 15855 5386 3635 3603 11989 2214 7201 15451 16730 
< 11687 11340 5661 15698 14596 20252 5808 17474 4380 11219 11141 8797 4062 15243 10788 16880 5865 8187 16001 10846 7940 5661 3052 12721 17802 14039 14970 14319 12517 5264 14319 7198 1048 17474 11784 10067 5344 4948 12095 4804 13622 8110 7485 4616 12080 14039 6498 20018 13924 19350 2658 20152 12229 1048 5985 8889 18581 11340 16532 
< 4247 4247 4993 3177 4322 91 3803 273 2328 1596 3243 3679 2516 3679 1410 2516 4632 2328 190 3958 5490 4401 4110 3295 3394 5365 465 4401 273 3295 2328 4632 190 190 91 5216 4524 2977 5490 526 2648 5490 273 3958 3177 91 4993 2516 2648 3679 3295 366 3538 3035 624 3394 2113 4401 273 2328 4322 3958 3958 1989 2876 3035 
< 12592 6692 17007 11744 3440 17991 22647 12831 14892 1599 6255 22272 4343 15620 11556 1672 6692 11634 19067 11230 6013 22146 20677 10871 23254 10763 23155 7391 9744 8245 4360 19423 11965 8885 20717 13566 15337 19794 10458 2087 7220 8933 11634 205 532 7795 19543 205 7220 
< 11565 1054 5402 
< 27436 14855 20814 3109 25577 17423 23069 10708 24650 20039 26237 21018 2752 10731 5574 3909 17323 9104 939 19175 27038 26808 19175 4856 5916 26695 1275 17707 26695 25437 24865 2454 10026 15468 7687 16345 12544 6076 4137 253 6166 14997 23645 16724 16984 1684 19701 3719 9424 8763 5108 
< 27730 23881 4043 27993 31619 14280 18899 15035 13488 35879 41518 7968 37031 14280 26254 12074 34221 22547 1850 7572 580 1401 2915 1811 22825 30133 35169 18793 11619 20780 25647 30648 22825 14717 6654 15698 35491 9916 14626 39512 27993 22825 37031 29286 28769 24682 1691 25730 17275 4668 32854 23797 30236 19451 41018 13683 19451 15698 37093 26614 27076 37341 22399 508 13683 31791 1610 26930 19072 27730 25226 5389 32104 20780 23321 7752 40458 27717 27250 31401 35029 7479 31401 11348 18899 10815 23694 25226 15483 
< 21835 19960 7962 17463 11200 9830 4428 6865 9612 19241 14305 10760 12702 21224 11200 9830 9147 11452 15373 1230 10266 5791 282 11629 7767 16722 21377 13602 11629 17902 22021 20269 7688 11689 15583 10468 9019 18050 19109 20441 4876 18709 21377 10972 16140 23362 675 5513 2151 13513 11689 18971 13602 6600 5938 9830 3828 20269 13513 1230 3050 8692 18820 22122 3968 7767 
< 7253 16145 1337 33896 27849 33896 1311 15049 4248 6559 24425 10650 15319 3268 30236 999 27501 19986 15959 9109 24686 23420 14106 23731 20176 23420 14664 19624 28997 25291 22222 28731 35560 
< 2710 1117 2149 1371 2291 543 3262 2647 1087 427 2291 2522 2242 600 1117 962 2376 1983 294 3262 2291 3130 2291 2149 2710 177 1610 2242 2291 3097 3173 1690 862 1087 1087 3097 1371 1532 962 3097 3097 3262 3419 427 2647 294 2979 427 1690 2376 1210 600 691 3262 1117 2979 1087 1117 1299 962 1983 1766 2323 2323 2979 543 2647 
< 23400 33543 6021 26408 9222 41470 17457 40947 41374 38783 19742 10399 7946 35850 15973 4835 14012 14665 33427 10688 30948 23351 41291 27336 10299 7531 19928 10299 33027 6652 28000 25071 3734 9104 6652 9011 24939 32274 1158 20757 4054 32498 3734 35196 22319 16956 6021 15469 17848 34685 32981 5284 13467 679 23642 41470 3136 2977 34954 27049 38039 28278 24118 33379 40052 35381 24855 17638 17324 20328 11198 33210 3619 
< 10472 21336 14306 26793 11329 6779 994 23459 8349 3830 18963 18055 15307 18519 8406 2430 13576 5303 7462 26793 24792 21288 19078 17835 23727 3651 3144 11447 12051 5428 14306 11130 21771 9277 10037 6779 7602 27667 1450 13891 17088 994 25804 15901 12620 23153 16254 12564 7654 4733 25804 4733 22687 18366 11596 18055 3797 25163 26875 7122 14522 8194 5556 20092 19868 14909 6779 24984 19439 11660 14909 14448 21288 2689 11773 17923 20419 27102 22893 22893 6779 14743 15598 7266 19206 26875 2771 19748 21649 22758 22561 3651 21170 17201 16653 14595 309 20419 13796 309 
< 1217 2392 1484 738 2280 3123 3161 3123 738 1484 3161 1306 2152 82 82 823 1369 456 2575 3161 3297 417 1713 355 2904 3161 1786 195 456 3297 955 82 3297 823 672 3161 299 1306 355 299 738 1306 299 3462 1786 355 3377 1217 2392 3377 989 456 3215 299 1484 3297 3377 590 1581 738 2152 738 1130 3161 2392 3377 1887 
< 5539 17115 4809 10448 12420 8421 2173 6212 6001 15184 12909 3067 4371 8301 10269 15544 7501 18080 5016 15710 
< 35489 20600 27124 9577 41351 26719 46779 39491 17518 43224 1184 34409 39491 26893 11859 25303 23956 21874 44768 34374 5643 44768 31114 31710 23798 24159 16092 34085 26611 41351 42584 33948 17861 11574 47870 17103 396 25303 19017 254 1571 28181 10455 46523 38325 20731 17615 4289 20692 41879 1571 36740 27828 13101 14415 15417 16652 28729 40356 47194 10455 46393 10119 17998 46958 3609 6057 34085 36240 37455 2286 39162 41853 34409 43764 46958 22922 4567 
< 24371 20905 5132 19530 9686 29363 10502 4864 3542 26913 10722 11734 18431 13275 10266 260 15576 12614 10392 20617 25855 25525 18536 30072 10266 28979 14431 18536 19274 22896 31855 31739 22397 1166 11522 14589 1258 21500 17671 13649 24808 13014 10502 15197 16238 18229 33073 31149 31005 30492 16386 29177 13649 30629 27717 21167 3179 31149 
< 402 4553 23545 6023 4969 18283 13425 13638 15679 19873 8629 1915 16455 9120 26244 18283 11702 16268 6285 23689 10198 28449 25968 14267 27208 3616 402 3222 21265 22751 9378 29422 18602 29891 29391 5749 30105 1438 24831 7489 13638 3616 26884 12586 14989 16455 1205 9926 4170 13015 21979 5749 22114 13638 9309 9683 1438 25485 22953 
< 22339 8123 16033 38259 25749 8922 19920 29821 36019 9834 13641 28837 21989 13106 39926 29502 2029 11324 23053 15403 12998 18202 36427 32984 36655 16757 11669 13798 31505 27298 41700 23002 38572 17891 25602 28468 27526 867 5605 35718 5430 6782 5506 4895 28325 23284 13798 26548 21989 41426 33183 30974 20607 43492 16988 40728 9023 16603 34753 26952 32286 2530 24272 4216 10986 38023 25749 14812 12239 1640 15328 2029 24164 6782 10532 12166 27890 280 20724 
< 37534 8134 2968 34767 11173 7250 9490 25073 5214 25745 17606 26593 35673 35132 10855 15644 14624 19449 24609 31082 30973 10855 16931 3311 38625 24544 17852 35673 2080 30438 14552 18299 18305 38180 22655 24040 11173 29200 
< 20201 22825 22017 3101 7843 19182 8448 5855 6121 24646 5482 9886 21840 6121 22825 19758 29228 22280 2380 1521 2154 14392 18653 -99 20541 23780 2548 19267 24964 26339 24109 10882 28974 4656 23496 8969 19678 15615 4831 7997 10565 12780 20831 26468 24109 19831 8205 8317 8448 4656 20541 23678 4831 2548 9241 26468 28439 15081 18770 14282 3634 19831 25365 29417 7741 9046 18557 243 2717 9782 7741 9018 12724 15246 27998 27458 1953 912 22383 23136 15615 24755 28899 17936 5258 4880 20918 4831 16652 8917 26163 8317 
< 4585 7011 27285 26654 12229 33176 25038 14898 10445 6239 8409 19868 1658 9784 8156 17499 1462 3353 13804 23289 29702 12417 22376 21293 15440 25511 14204 5316 23039 27664 22021 12915 22376 8247 18704 19868 14575 6348 22376 22021 13126 29017 13193 19142 20941 12009 25605 4245 24406 19721 26297 30234 10779 7011 
< 652 975 405 72 622 55 72 1110 892 892 233 524 233 975 139 139 975 975 524 1110 1110 975 1127 652 1127 1110 55 975 652 1110 72 1110 55 233 892 72 772 72 772 1207 892 405 892 652 524 652 772 1207 652 524 652 55 1127 1207 892 405 622 55 652 405 652 622 55 892 72 652 892 72 652 233 233 1110 405 524 72 55 892 622 405 1110 524 1110 55 652 1110 652 139 405 139 1127 233 1110 
< 10252 25191 2007 31067 39560 5909 5245 26784 417 22239 6949 23870 8257 29479 2338 36084 2007 33050 22377 40406 22508 
< 13970 835 8097 9161 1802 3158 3868 1974 10253 3982 8662 2583 16826 6040 4190 2128 5982 17329 5859 10253 95 15811 7997 1516 3640 1172 15335 6451 17897 13151 13575 15402 13188 16965 15559 2057 13755 6652 15110 970 6232 15021 2621 15909 15657 17240 17974 13024 5014 4763 16700 1802 4044 14919 10078 16272 557 251 10948 13939 12711 6264 4190 4899 2553 8701 6652 4352 13575 251 5086 9573 9161 13575 6087 15402 11705 8701 3579 2128 10468 
< 84 272 272 60 399 272 84 -48 272 272 399 -48 272 84 -48 272 399 272 84 60 -48 84 399 84 -48 399 -48 60 399 272 399 -48 272 84 -48 84 84 60 60 399 399 -48 272 60 -48 399 60 60 272 399 -48 272 272 60 60 399 84 272 60 84 60 -48 
< 1051 14889 8516 8314 8189 3885 8069 8516 4972 9593 12370 12370 8365 6751 11026 5747 70 3487 683 13693 10705 8069 8956 14889 1667 12998 303 6564 5869 10705 15149 9943 70 7035 10705 4367 2689 8069 3829 4367 452 9237 3199 8516 11855 70 3829 9799 8917 9448 5377 4833 2689 2602 7577 789 2988 7577 8314 9237 9703 12470 1377 11793 4833 1941 2406 14995 7775 11466 15473 9735 7035 10843 10883 558 14889 12470 2602 3199 10883 2527 1800 7775 16022 14562 9849 8189 9108 9108 452 14659 16444 
< 25360 1212 869 26111 442 42564 10465 14294 43000 22107 22845 28260 26435 8191 26299 16583 29820 13872 23065 21537 17044 14968 18778 17487 45261 19247 29267 8279 46541 27288 32238 6243 6363 2706 34450 25360 33590 3213 24988 1552 9241 43324 7948 39437 21896 17141 12515 21178 22009 10085 2994 23829 33590 29267 11271 11807 35010 27374 
< 24372 76 35118 28197 22474 33684 19567 13431 19567 24040 2680 18132 14927 13932 29438 14989 1660 5428 5045 26993 23443 21375 4747 21375 313 11837 33048 11103 22417 12072 32579 5840 960 7106 4065 3550 34722 11837 33783 28197 13628 2042 10851 16723 16598 16598 456 6620 27725 32678 2680 25494 5718 14962 33322 28388 33428 11255 20941 31535 31818 2497 24795 5959 6757 4649 18562 11348 33402 1293 29438 10975 
< 87 332 
< 46473 27633 
< 433 1366 433 835 433 1445 1071 1445 1071 565 433 382 382 922 565 679 433 1225 -5 679 1445 382 433 -5 835 
< 3158 2145 5902 3674 564 145 922 4690 5489 922 4286 6299 2218 3578 5337 3158 1491 564 1154 4364 5043 1947 4514 2903 6024 2218 2145 1947 3104 6539 4364 6186 3385 1114 6259 6491 3104 6539 1708 51 3195 774 3158 1347 4286 723 3385 2631 145 2502 2218 3756 3850 5196 1043 5902 1537 6259 6491 2502 564 3674 1947 2424 1154 145 1640 5043 4364 1794 5337 2218 2903 6491 5043 
< 14158 36185 38425 39381 26288 33282 33384 12202 25475 18957 24206 20960 23607 13859 32488 13198 1184 2534 33892 13026 1699 29792 13987 19268 30261 36609 10331 39612 19655 28619 22301 22205 11846 23211 30708 42693 20274 9314 29162 35866 20274 13859 25549 1137 16998 39381 5874 5489 3524 24357 28537 10331 11284 3647 24653 19268 25784 1946 18575 17801 31599 16544 28412 41208 5032 27371 38696 33384 43875 22663 19871 36329 39249 38696 36906 9199 21394 14504 43658 17860 10487 37017 16998 23736 28847 40454 20437 3063 48 35749 4267 35592 22132 9314 15761 32488 22663 7681 10644 
< 24073 15904 3806 11459 21916 13767 15657 7394 6775 8567 16793 1012 1991 356 1822 12960 17512 10319 2183 11097 1735 11097 3056 17475 19837 8839 23361 2773 6008 6515 13265 8839 16443 12135 10716 2470 17380 22213 17380 12598 20549 5225 9405 11299 21293 100 18730 18944 18944 24370 21474 8006 6116 4689 6116 15904 13528 9768 3608 21021 16220 7689 2926 8839 1159 15657 19837 13265 3608 17146 17645 2553 9873 24073 8028 19837 9405 9248 26276 5000 962 14213 10154 4380 8839 9282 16220 22332 10687 8028 20672 10687 
< 5039 3677 6376 6376 1063 4312 1319 255 961 7198 1319 2163 6855 1319 3488 3062 2959 3799 1638 5477 4796 610 5371 3062 2933 961 6034 1638 4952 7397 1319 5314 2565 4634 5733 144 4796 1207 4042 5780 2052 6376 6855 3269 4796 1539 7198 2477 255 7272 534 5733 
< 1550 524 1586 460 1113 902 155 424 1033 155 1277 1481 460 460 1550 1033 1113 272 1586 1550 1481 272 1586 524 460 9 902 1671 1481 460 1336 460 9 460 1481 902 677 424 1033 1033 1550 272 1033 9 1336 1336 424 1481 1113 1277 1277 1033 902 1586 1671 1113 1586 902 272 424 424 1481 1671 155 902 1481 1550 902 460 1336 677 460 902 1336 1586 1793 1336 1550 9 1277 1671 272 
< 1785 541 5084 -8 79 3922 2743 -14 4344 646 5197 4717 4717 2743 378 5197 2119 3922 3377 5197 -14 5393 5084 1154 378 3843 2474 2821 4344 2032 -14 2032 3377 4820 3663 1154 4234 2701 2624 3377 5197 4717 2225 3922 5315 4344 -8 2743 120 1725 2225 3098 2892 5393 2381 5006 5315 4126 2821 3 1896 2474 3227 
< 20072 5958 6050 3755 3900 21225 14733 13593 8242 22357 16927 26624 28128 5625 23642 28042 7244 17084 17611 27773 25842 23139 13016 28191 25021 16175 17282 13759 7374 23394 7469 28305 16927 19495 28305 18376 5709 14733 14733 16380 8556 16663 20002 22682 4428 27077 24104 24928 22891 9765 22805 25288 27241 14788 24330 14607 24176 5873 6315 18282 7374 17329 26390 21427 10366 19209 7331 7120 20801 19601 8242 23139 14307 4428 13593 27953 20520 15920 21854 20738 11615 312 18639 
< 4679 8271 6016 6540 1881 7662 2964 6016 6874 867 3092 7662 1298 2429 5727 2964 5757 8812 7696 3035 5186 8662 2221 9098 3295 4885 2811 8940 7293 6540 2078 4885 2429 6621 8662 4775 7134 944 5186 3035 1388 6486 8439 1140 3295 4193 2549 5860 4775 1388 1481 9181 4885 7400 2221 7798 5046 8134 8134 8852 1235 8940 1881 8271 6016 6282 327 4193 3542 6441 2112 1140 3295 3092 5757 8360 
< 6401 1162 9117 514 2672 7165 7297 2527 362 6647 6080 9961 9630 2106 8472 8597 3499 1695 4502 3633 3083 1695 259 9117 9444 1334 8082 3499 210 3212 1162 7792 1245 8421 2907 7977 7792 9850 3633 7579 3573 9117 9200 3369 2527 3705 9444 5918 6080 8138 6933 5070 5805 5249 3436 9084 8732 2106 7849 210 2527 4243 2106 4243 514 8935 1162 2992 7369 6933 9200 9850 6647 5995 1627 4616 8597 8082 5805 9312 2031 8597 210 1627 2811 5249 4502 2811 2672 4502 6919 4243 5022 5995 5995 5322 174 
< 1251 3257 3204 264 2027 1727 2093 2951 3840 3536 5174 2425 2951 3142 3384 3076 1145 4663 2425 525 6679 3257 341 4396 424 1606 3799 1606 4396 2027 6554 3536 1354 1456 3204 4663 5347 4269 4079 5347 2951 2734 2093 3257 264 5817 5510 6679 4619 4619 4663 2093 6456 6084 3938 3257 4469 3840 4469 264 3076 2316 2531 3816 4269 
< 9069 2809 33199 7043 18800 29909 12419 5449 584 33431 34547 584 7145 22199 6389 23424 1823 20568 2132 6489 3884 10586 36828 25359 23209 35881 16537 10533 3884 30559 3110 21809 11863 28985 17772 27365 12334 9485 1757 3794 13816 9150 18800 14118 20616 15247 3197 9251 1272 35579 15528 9624 35001 12237 2086 9542 23710 20783 33126 8228 19488 1113 21254 25658 13560 17740 23757 21116 8398 3197 36523 27024 4205 15528 23424 15635 25038 8147 24424 34262 531 21510 36901 3344 25969 1359 10014 35085 
< 13304 26682 30747 25080 14613 8333 18982 13590 25310 24360 14473 20858 22585 17052 31527 14288 27113 5732 30953 23099 13389 3288 35290 27298 4812 873 22117 37865 20181 19395 27574 22208 24825 18179 18524 26682 9716 26589 14861 4812 31395 20003 18179 29524 36949 
< 11106 2866 8701 5009 399 1780 6813 3299 4561 9477 8898 1013 14930 3113 12661 4178 14930 10618 15122 2461 8524 3252 4079 13153 6928 2316 10111 720 8898 399 8898 4861 9159 14347 9477 7652 
< 18938 11631 7721 28414 31151 26214 19747 2337 10326 27128 27724 1175 12517 6027 23207 1230 7096 14912 18802 22661 4953 7188 12369 2816 12959 7188 19938 6357 30621 19889 26311 30661 15868 15135 29605 229 14469 6693 29686 31963 25906 11631 33102 26124 30280 16630 7786 15135 28703 23207 32971 4860 6321 14469 31265 716 
< 36116 7453 25744 15457 33308 7057 15947 244 8133 9071 12410 26668 20075 14854 26274 32945 3702 39886 36242 36207 12410 35386 14080 4059 22428 24164 2485 25634 2217 15022 10155 8808 31632 6346 11113 26668 36207 11931 18607 31178 10544 24256 37467 13138 23509 9713 1620 36781 36781 5341 27631 14288 2888 36207 36781 28997 2557 26668 22428 12104 27942 9226 13626 32518 20276 18220 30452 34436 10940 5341 35386 6121 32754 11113 18060 33729 11931 1884 2557 40474 27982 27735 27299 6017 14718 37253 22407 35340 36781 14854 
< 17880 1914 16441 11159 17484 6539 4714 5852 7632 4031 54 17089 17375 12266 2144 7988 16441 4308 19132 2213 17261 9112 13805 19222 
< 39916 26952 39220 12142 1884 12510 38482 1238 41048 42536 1939 44839 27960 44375 10302 34737 46020 43885 24903 10626 5591 46301 38271 17126 25369 25574 29235 31355 6943 13016 16214 4144 30718 11470 19845 44665 16808 19140 45364 22687 13902 12142 23477 31745 15922 
< 1043 3563 2914 3031 4926 4820 530 2393 4443 5601 2184 2534 2184 4478 5345 1476 -3 1774 5809 2872 1220 1843 5688 4315 2643 2107 4204 6308 4669 4478 1368 2534 2872 5070 4669 4926 4038 3563 6308 5971 2815 4315 3684 4038 4443 872 2603 5226 310 1476 1368 1701 4820 5070 1774 2012 2259 3158 2012 
< 565 57 57 66 57 57 565 
< 4362 7941 1669 8499 3753 5670 3984 4602 4120 6543 7194 4846 3866 2020 5743 6826 4362 6992 4120 2020 939 3424 1312 1006 2020 270 4846 1486 5670 7676 172 4227 2169 4602 8050 8499 8352 2312 6040 8279 4682 3601 6040 1486 6145 7066 4120 4891 4120 3521 5450 8352 3601 4602 3984 5810 5810 7676 2872 5377 
< 43614 20142 29700 3746 12588 15352 42993 23425 28904 41069 4996 2541 32134 22340 5766 2774 4420 42707 33696 44754 23833 31147 3983 1078 33448 22011 4560 1557 23050 22596 46047 28680 4420 24691 505 27436 6219 14125 38551 1468 30438 27262 26723 
< 1813 258 808 3685 1527 138 3990 1813 
< 14129 42915 7013 12080 22730 39703 25683 19769 7851 15820 21277 41345 7710 43830 18957 11327 6454 33907 17720 24672 15540 14345 25508 45064 43111 1392 39829 5436 11423 851 43830 42915 5133 1392 45249 3908 25916 9383 15420 20610 5436 1903 26300 3193 11714 29968 
< 22610 33061 7804 5542 28615 20047 5234 14309 12749 2498 31611 765 1045 3866 16605 6566 20661 5010 6716 29374 3380 30806 1140 12179 23440 5707 1674 21359 528 14037 24735 8056 21710 29374 31364 27130 6001 29706 5604 4211 31326 19992 29626 5234 18621 31292 13344 26996 22780 14623 16605 316 20837 6524 4498 24060 3267 12581 17516 16672 11046 29863 23598 16315 
< 16312 20574 10396 3080 11098 20117 6239 6356 14798 19332 14076 2107 8751 12196 7929 20574 2610 8846 4376 3894 10124 9888 20413 
< 1451 262 687 458 1082 1082 458 1493 458 758 982 592 1493 1231 1231 79 982 592 389 262 758 758 1451 687 35 982 1451 35 35 758 1231 79 1327 1327 687 1231 758 458 905 389 389 1493 905 458 982 905 982 982 687 1231 458 592 1451 389 905 905 592 982 262 592 262 1451 35 262 35 79 1231 1082 389 1082 905 79 262 592 79 592 35 1451 1327 1231 982 35 262 592 905 1231 262 458 592 1493 905 982 458 1493 1327 1231 
< 966 1062 762 42 313 762 1066 727 1066 921 1159 1066 313 363 498 1066 42 498 214 921 214 1159 363 498 1159 1286 90 498 921 727 363 543 1702 498 762 1066 313 313 1702 966 1062 966 966 921 1286 1159 1062 498 1534 1534 1286 498 543 727 1534 1702 363 727 1159 543 1062 1413 543 1062 543 806 1062 90 1413 543 1534 313 727 1413 762 214 921 727 42 313 498 90 727 762 543 1062 313 762 1286 313 1534 727 363 543 42 1534 214 214 
< -91 17113 1128 17709 10052 12904 42164 18306 2058 39335 6444 44191 41893 35263 28166 7699 28748 44802 1835 28585 42913 19598 39789 8318 10332 20102 38431 589 43774 5403 23054 26126 28403 19044 30378 29136 31446 16591 43057 12720 20697 17384 33403 41080 23054 1128 35937 370 39648 15778 34143 14786 39648 25844 6532 8583 28748 24989 44125 20102 22915 
< 21941 29068 30134 20207 23299 4414 5770 21010 12533 16551 13021 11698 28765 9622 11912 5770 5526 
< 41 41 316 420 533 231 305 183 316 663 749 316 41 663 41 316 316 749 183 663 663 305 533 183 533 41 41 633 41 316 420 633 885 633 183 533 183 316 663 533 533 663 316 533 633 533 420 885 885 183 420 420 41 305 633 749 305 533 885 885 183 41 885 885 420 663 231 533 231 41 885 663 420 533 231 749 533 41 749 885 885 316 231 420 
< 8850 12574 4619 10024 14803 
< 39451 12172 35608 9162 19451 38211 13694 11697 23980 965 32689 13335 25296 20349 43692 34195 38381 42548 10851 19920 19246 25396 37040 25737 14758 44033 22184 31756 45255 8225 6958 14923 6351 19622 -47 21092 12583 31634 7576 18428 
< 10942 34834 44647 39033 3120 44550 2774 47376 41629 46539 20177 12878 43276 
< 324 1409 59 1409 357 806 324 1409 908 357 1464 601 1673 1328 1464 1464 601 1143 908 486 1231 908 806 1409 324 1143 324 1506 975 1328 1464 908 1143 1673 -81 601 -81 1231 1409 1464 1143 1673 1409 -81 806 
< 22494 25863 9825 4794 25503 884 9153 15924 18608 3018 2406 17840 12033 14595 25172 6778 5271 884 2185 5915 14656 9825 5271 19421 15307 11797 11422 10903 5915 13998 5407 16068 16144 18608 18420 21450 12304 25659 2822 706 20960 22779 18114 12714 8773 11768 18490 3247 7240 24085 18490 9153 19194 5271 21944 3500 25172 6241 16068 8025 10554 19343 22779 16410 12714 13341 22994 2514 9394 5407 13998 12671 7871 25503 11229 17208 4984 1427 3308 6974 23391 21215 12787 
< 16918 17138 608 9100 6440 25345 7013 30925 28017 25716 6047 2553 19895 17572 18627 11514 18819 19602 21544 24761 28585 29736 26613 27235 18710 12141 608 1638 6440 1250 4467 29389 
< 36318 3971 27933 10000 753 35101 
< 16571 4824 10413 2670 4743 8686 1735 9373 14072 4145 4145 744 5348 5840 14703 17639 11583 15121 7480 1913 10413 1913 14569 1345 16475 14965 1345 2670 16139 9254 2492 13 146 13425 15401 4258 10820 15121 4040 12365 5251 16279 6013 17872 15178 7350 522 12873 8305 13325 7852 15178 15039 11669 4359 2791 13499 5905 4359 6430 10537 12439 4145 7919 3810 9152 5251 4040 4145 13325 13760 2209 16010 13 4743 2209 14380 2791 16279 2414 13760 16391 2886 3884 17735 7961 6965 2981 9092 6863 15289 
< 6897 10120 773 7388 5491 6897 1598 7942 6731 6576 381 2038 60 9086 5348 6591 6486 4820 10418 5217 4249 5443 8918 8088 7537 9350 2114 831 5443 3273 6338 3496 10120 7151 60 6486 9849 6218 597 8918 2413 2844 1200 9220 5491 381 2160 6218 1666 4720 1417 9446 2844 6576 4249 7151 3496 1598 773 2284 5443 190 4066 7219 60 3129 2160 281 1539 7388 8708 4820 5041 1539 4249 4587 1065 4515 7537 3646 4720 7219 
< 8263 10909 4168 3209 20318 6933 22304 730 11148 8770 23435 12201 10909 14083 22084 1947 8809 
< 1939 17350 17353 14754 19396 17551 15793 12590 19913 7980 5594 21782 16632 9007 2376 3839 14336 10332 9276 33468 34445 32888 459 10881 20379 3402 29074 32649 27733 20187 10881 459 18058 7745 34027 4088 17680 16632 1677 13694 5091 6224 26777 24142 4508 32649 20733 7430 245 23441 28480 5800 26514 2667 864 12284 24737 13499 7869 18931 30175 10997 24512 
< 2987 1674 4332 13203 9331 6816 6697 12764 9652 10779 11778 6319 5935 3666 13660 5849 9983 2651 2651 5123 13146 8110 8518 5193 2092 6319 8903 1396 2831 9454 2651 10337 8032 456 13233 2831 8470 10403 6078 13203 12441 5316 2987 1802 6697 5691 7924 181 8336 3651 7251 181 1802 12524 2901 6999 7915 4143 342 8470 2393 
< 10768 7950 838 838 5560 8959 12618 6504 1394 11259 11128 12914 9039 1235 12122 1576 8959 8212 10420 9318 3843 13096 9198 182 4141 11259 10259 8212 5289 4240 11683 946 8212 
< 955 1030 591 369 34 178 591 89 591 178 178 1080 178 178 591 955 681 1080 369 681 955 591 89 34 681 785 785 955 681 955 1030 1030 89 89 34 247 681 441 369 785 785 681 178 1030 89 178 1030 178 89 1080 89 178 369 681 1080 178 441 955 178 369 369 785 1030 591 89 178 441 34 
< 13837 15844 14404 21755 22773 1917 12314 16366 14648 11639 21364 9781 21053 3255 1286 23376 22253 19463 2794 4863 12719 2699 10248 23021 14667 22820 22491 5453 2387 1049 18138 20074 13934 13357 4863 7357 6508 17544 23131 20223 10375 18242 10775 19925 9607 19463 14844 20907 23131 7454 20404 5453 19718 21091 7771 6764 2456 4063 14941 8250 1828 9553 21091 8572 6965 13417 4561 1184 16168 12243 4158 
< 7802 19241 14093 14581 8108 
< 10330 16948 13002 8331 41050 27800 8831 1889 2441 503 41888 36685 19721 34086 18571 42118 12095 19824 36685 30243 17800 40432 20378 14637 29010 37690 2032 16691 30243 45156 18249 29920 7623 
< 2787 2787 3562 3320 2015 1132 1963 3562 3074 3433 3562 3983 1963 1306 2689 2903 1461 4131 4131 2689 3433 435 1306 435 4131 3562 3074 2787 3562 2364 2183 3173 279 2787 995 
< 7654 5806 10221 13309 12991 12547 8282 8931 12114 1398 9934 22014 18120 7111 10811 18446 24393 12918 5187 4675 7462 24029 14188 4784 6863 4675 21396 1081 5120 17788 8054 9828 24534 23479 15320 18237 24621 23053 22765 19905 8282 12415 20279 1045 24859 4675 11599 3161 13128 1081 7715 17788 2145 15250 23479 10159 14242 3161 954 6581 2408 22014 13848 4958 24534 7654 4983 19611 3781 6863 
< 1200 -26 13488 13341 18751 12344 4655 4056 4556 13633 9434 18949 7035 5547 19175 12966 12793 15577 19175 14865 12966 8674 18751 15449 5339 5218 8427 8064 -26 15449 3687 2095 18049 -26 15449 466 16177 13341 18633 17156 18564 5237 1818 14340 3822 
< 21617 7084 20144 28241 12591 9519 88 9729 5280 14347 28595 475 12992 17702 25105 13115 20033 7519 18109 24626 17429 18460 10844 2241 18130 
< 11458 10873 5429 3787 9829 10872 6190 3674 6395 1088 3349 2317 6395 11686 10872 1749 9655 4718 2879 1683 12546 6830 9576 10606 9201 9129 3436 9655 10759 9576 11793 1178 4718 12268 11155 9655 9576 2682 7678 9737 474 5429 1361 4072 6988 10873 5306 3674 9129 7442 6631 3629 9829 1834 12655 7780 1361 4173 11294 7329 10019 826 1088 6698 661 4826 2017 1602 8920 5706 12154 1749 442 10606 6988 9949 3865 8362 8508 10701 
< 3985 8459 194 8215 4282 7780 6182 5708 2337 6829 4521 1162 1317 2522 9053 8894 2337 4669 7780 8654 8077 3139 9053 8215 516 3985 -99 5978 5978 6297 6330 8654 2823 8215 7167 8524 6553 1950 7780 -99 1063 2823 822 8654 1817 1817 2060 227 9094 4858 9053 4775 4858 3310 7544 8894 6120 822 2274 6412 8882 7681 2337 
< 1330 1415 7520 5786 9150 9150 392 1993 1993 4249 3686 5105 6151 6722 1104 3775 4628 4454 9408 2613 9408 6051 6551 8012 6722 4628 1569 9637 3607 1773 3686 7233 1887 4820 3879 3607 1104 
< -86 1202 880 94 369 31 880 1473 
< 1809 4354 3915 4544 3761 270 1809 4179 5612 6681 6391 4456 492 3761 492 4612 
< 17473 14852 33033 15187 26314 7716 31076 9517 9133 420 19161 30420 24547 31063 16144 40092 37611 27525 32807 3358 22380 14306 39579 14069 30543 29209 11601 40784 29624 38057 5690 8364 17568 29041 12950 3837 39454 22806 15274 7602 5660 37399 30794 14685 23978 42426 29301 23763 17115 2274 18534 8298 13072 33656 12340 -77 
< 19237 30437 25055 5019 12487 5958 10069 2050 42652 25676 32939 39120 27607 10792 1496 32272 9682 2339 11101 20858 43629 31402 20959 594 42529 7190 22799 33443 26247 23422 44635 27214 41559 2692 11257 37938 27536 38457 9501 1496 29829 32547 43757 32817 2639 8098 9501 35139 16517 4144 42920 10662 32817 31098 41559 37502 25676 37439 8239 8899 36435 34325 37938 18869 44515 18427 28167 16707 34729 19364 36548 1496 540 29381 20137 15936 21508 916 16808 287 43179 36057 14400 29381 19761 29829 35247 21815 16179 20137 
< 28640 10426 2872 15736 4596 27612 3977 13808 6890 12566 748 465 4277 16243 7103 21913 19232 3689 10210 2059 8054 25939 3891 9359 26515 748 22684 1966 11305 21133 27147 17675 6961 16542 22402 23198 27701 7672 27147 5757 5126 4694 23905 23000 8951 9293 16723 25201 20278 5637 28470 19926 17568 25328 7672 26341 26916 18008 17568 
